Immagine di A
   -0.0721    0.1616   -0.2478
   -0.0726    0.1598   -0.2328
   -0.0730    0.1581   -0.2181
   -0.0735    0.1562   -0.2037
   -0.0740    0.1544   -0.1896
   -0.0744    0.1525   -0.1758
   -0.0749    0.1505   -0.1624
   -0.0754    0.1485   -0.1493
   -0.0759    0.1465   -0.1365
   -0.0764    0.1444   -0.1240
   -0.0769    0.1423   -0.1118
   -0.0774    0.1401   -0.0999
   -0.0779    0.1379   -0.0884
   -0.0784    0.1357   -0.0772
   -0.0790    0.1334   -0.0663
   -0.0795    0.1310   -0.0557
   -0.0800    0.1286   -0.0455
   -0.0806    0.1262   -0.0355
   -0.0811    0.1237   -0.0259
   -0.0817    0.1212   -0.0166
   -0.0823    0.1186   -0.0076
   -0.0828    0.1160    0.0010
   -0.0834    0.1133    0.0094
   -0.0840    0.1106    0.0174
   -0.0846    0.1079    0.0251
   -0.0852    0.1051    0.0325
   -0.0858    0.1022    0.0396
   -0.0864    0.0993    0.0463
   -0.0871    0.0964    0.0528
   -0.0877    0.0934    0.0589
   -0.0883    0.0904    0.0647
   -0.0890    0.0874    0.0702
   -0.0896    0.0843    0.0753
   -0.0903    0.0811    0.0802
   -0.0909    0.0779    0.0847
   -0.0916    0.0747    0.0889
   -0.0923    0.0714    0.0928
   -0.0929    0.0681    0.0964
   -0.0936    0.0647    0.0996
   -0.0943    0.0613    0.1025
   -0.0950    0.0578    0.1051
   -0.0957    0.0543    0.1074
   -0.0964    0.0508    0.1094
   -0.0972    0.0472    0.1111
   -0.0979    0.0435    0.1124
   -0.0986    0.0398    0.1134
   -0.0994    0.0361    0.1141
   -0.1001    0.0323    0.1145
   -0.1009    0.0285    0.1146
   -0.1016    0.0246    0.1143
   -0.1024    0.0207    0.1137
   -0.1032    0.0168    0.1128
   -0.1039    0.0128    0.1116
   -0.1047    0.0087    0.1101
   -0.1055    0.0047    0.1082
   -0.1063    0.0005    0.1061
   -0.1071   -0.0036    0.1036
   -0.1079   -0.0079    0.1008
   -0.1088   -0.0121    0.0977
   -0.1096   -0.0164    0.0942
   -0.1104   -0.0208    0.0904
   -0.1112   -0.0252    0.0864
   -0.1121   -0.0296    0.0820
   -0.1129   -0.0341    0.0773
   -0.1138   -0.0386    0.0722
   -0.1147   -0.0432    0.0669
   -0.1155   -0.0478    0.0612
   -0.1164   -0.0525    0.0552
   -0.1173   -0.0572    0.0489
   -0.1182   -0.0620    0.0423
   -0.1191   -0.0668    0.0353
   -0.1200   -0.0716    0.0280
   -0.1209   -0.0765    0.0205
   -0.1218   -0.0814    0.0126
   -0.1228   -0.0864    0.0043
   -0.1237   -0.0914   -0.0042
   -0.1246   -0.0965   -0.0131
   -0.1256   -0.1016   -0.0222
   -0.1265   -0.1068   -0.0317
   -0.1275   -0.1120   -0.0416
   -0.1284   -0.1172   -0.0517
   -0.1294   -0.1225   -0.0621
   -0.1304   -0.1278   -0.0729
   -0.1314   -0.1332   -0.0840
   -0.1324   -0.1386   -0.0954
   -0.1334   -0.1441   -0.1071
   -0.1344   -0.1496   -0.1192
   -0.1354   -0.1552   -0.1316
   -0.1364   -0.1608   -0.1442
   -0.1374   -0.1664   -0.1572
   -0.1384   -0.1721   -0.1706
   -0.1395   -0.1778   -0.1842
   -0.1405   -0.1836   -0.1982